-- Generated CFrame Animation Playback Script
-- Paste this into a LocalScript and run on a character
-- It will play the baked animation using CFrame transforms on joints

local player = game.Players.LocalPlayer
local char = player.Character or player.CharacterAdded:Wait()
local hum = char:WaitForChild("Humanoid")

-- Find all Motor6D joints (must match the baked ones)
local joints = {}
local function findJoints(parent)
    for _, child in parent:GetChildren() do
        if child:IsA("Motor6D") then
            joints[child.Name] = child
        end
        findJoints(child)
    end
end
findJoints(char)

-- Baked keyframes: {time = number, poses = {jointName = CFrame, ...}}
local keyframes = {
    {time = 0, poses = {
        ["Left Shoulder"] = CFrame.new(0.391612, -0.458063, -0.354599, 0.794817, 0.047413, -0.604995, 0.043662, 0.989892, 0.134938, 0.605277, -0.133667, 0.784712),
        ["Right Shoulder"] = CFrame.new(-0.473916, -0.454000, -0.270694, 0.678160, -0.117717, 0.725425, 0.034646, 0.991112, 0.128442, -0.734097, -0.061971, 0.676210),
        ["Neck"] = CFrame.new(-0.000005, 0.059981, 0.000000, 0.998028, -0.016296, -0.060625, 0.007805, 0.990437, -0.137747, 0.062290, 0.137002, 0.988610),
        ["Right Hip"] = CFrame.new(-0.143266, -0.101878, -0.112687, 0.921496, 0.150411, -0.358079, -0.134148, 0.988487, 0.069990, 0.364484, -0.016460, 0.931064),
        ["Left Hip"] = CFrame.new(-0.216157, -0.071164, -0.066782, 0.941805, -0.184486, 0.281013, 0.142659, 0.976288, 0.162818, -0.304387, -0.113253, 0.945792),
        ["RootJoint"] = CFrame.new(0.052903, -0.041955, 0.103299, 0.997623, 0.067773, 0.012447, -0.067844, 0.997681, 0.005364, -0.012054, -0.006196, 0.999908),
    }},
    {time = 0.06666666666666667, poses = {
        ["Left Shoulder"] = CFrame.new(0.383349, -0.464260, -0.352120, 0.813147, 0.062539, -0.578689, 0.029930, 0.988403, 0.148873, 0.581288, -0.138376, 0.801845),
        ["Right Shoulder"] = CFrame.new(-0.461578, -0.462786, -0.269303, 0.702038, -0.119594, 0.702026, 0.019255, 0.988625, 0.149163, -0.711879, -0.091201, 0.696355),
        ["Neck"] = CFrame.new(-0.000005, 0.059976, 0.000000, 0.998566, -0.016719, -0.050859, 0.009800, 0.991018, -0.133368, 0.052632, 0.132678, 0.989761),
        ["Right Hip"] = CFrame.new(0.013914, -0.116343, -0.085410, 0.904106, 0.245388, -0.349825, -0.227825, 0.969421, 0.091207, 0.361509, -0.002762, 0.932365),
        ["Left Hip"] = CFrame.new(-0.198980, -0.070323, -0.064959, 0.945581, -0.170669, 0.277037, 0.131734, 0.979302, 0.153668, -0.297529, -0.108811, 0.948492),
        ["RootJoint"] = CFrame.new(0.033179, -0.043543, 0.097115, 0.998421, 0.056078, 0.003192, -0.056096, 0.998407, 0.006042, -0.002848, -0.006211, 0.999977),
    }},
    {time = 0.13333333333333333, poses = {
        ["Left Shoulder"] = CFrame.new(0.358111, -0.472145, -0.360384, 0.837243, 0.070926, -0.542211, 0.022952, 0.986121, 0.164434, 0.546348, -0.150116, 0.823996),
        ["Right Shoulder"] = CFrame.new(-0.450925, -0.472451, -0.263006, 0.721853, -0.123784, 0.680886, 0.005973, 0.984951, 0.172731, -0.692021, -0.120620, 0.711729),
        ["Neck"] = CFrame.new(-0.000005, 0.059977, 0.000000, 0.999049, -0.018313, -0.039563, 0.012682, 0.990329, -0.138155, 0.041711, 0.137522, 0.989620),
        ["Right Hip"] = CFrame.new(0.121138, -0.128409, -0.071417, 0.886889, 0.312761, -0.340013, -0.292860, 0.949829, 0.109805, 0.357297, 0.002191, 0.933988),
        ["Left Hip"] = CFrame.new(-0.180926, -0.069201, -0.062961, 0.949234, -0.157934, 0.272051, 0.122038, 0.981986, 0.144259, -0.289934, -0.103735, 0.951408),
        ["RootJoint"] = CFrame.new(0.009110, -0.051733, 0.088673, 0.998960, 0.044898, -0.007990, -0.044854, 0.998978, 0.005619, 0.008234, -0.005255, 0.999952),
    }},
    {time = 0.2, poses = {
        ["Left Shoulder"] = CFrame.new(0.356011, -0.478480, -0.352396, 0.849997, 0.090469, -0.518961, 0.004814, 0.983768, 0.179382, 0.526766, -0.154973, 0.835764),
        ["Right Shoulder"] = CFrame.new(-0.431228, -0.482848, -0.265605, 0.747207, -0.125360, 0.652661, -0.006868, 0.980540, 0.196201, -0.664556, -0.151086, 0.731805),
        ["Neck"] = CFrame.new(-0.000005, 0.059976, 0.000000, 0.999414, -0.020571, -0.027367, 0.016266, 0.988679, -0.149165, 0.030126, 0.148632, 0.988434),
        ["Right Hip"] = CFrame.new(0.213819, -0.141380, -0.065954, 0.872224, 0.368319, -0.321819, -0.346558, 0.929696, 0.124755, 0.345143, 0.002715, 0.938546),
        ["Left Hip"] = CFrame.new(-0.160453, -0.066923, -0.061384, 0.952923, -0.144013, 0.266830, 0.110562, 0.984454, 0.136481, -0.282337, -0.100555, 0.954031),
        ["RootJoint"] = CFrame.new(-0.017133, -0.064353, 0.079480, 0.999121, 0.037313, -0.019100, -0.037252, 0.999300, 0.003551, 0.019219, -0.002836, 0.999811),
    }},
    {time = 0.26666666666666666, poses = {
        ["Left Shoulder"] = CFrame.new(0.348539, -0.480649, -0.357491, 0.877926, 0.105421, -0.467047, -0.019197, 0.982426, 0.185665, 0.478412, -0.154034, 0.864520),
        ["Right Shoulder"] = CFrame.new(-0.440674, -0.486875, -0.246055, 0.757831, -0.132160, 0.638926, -0.009400, 0.976957, 0.213230, -0.652383, -0.167598, 0.739126),
        ["Neck"] = CFrame.new(-0.000007, 0.059977, 0.000000, 0.999656, -0.025424, -0.006466, 0.023937, 0.984865, -0.171665, 0.010733, 0.171451, 0.985134),
        ["Right Hip"] = CFrame.new(0.272933, -0.158792, -0.063438, 0.850293, 0.416920, -0.321217, -0.394304, 0.908876, 0.135903, 0.348607, 0.011100, 0.937203),
        ["Left Hip"] = CFrame.new(-0.162030, -0.060016, -0.054513, 0.953892, -0.152383, 0.258590, 0.119445, 0.983103, 0.138716, -0.275359, -0.101433, 0.955975),
        ["RootJoint"] = CFrame.new(-0.043626, -0.071624, 0.068950, 0.998933, 0.038159, -0.026001, -0.037956, 0.999245, 0.008265, 0.026296, -0.007269, 0.999628),
    }},
    {time = 0.3333333333333333, poses = {
        ["Left Shoulder"] = CFrame.new(0.372675, -0.486502, -0.326125, 0.839939, 0.127933, -0.527386, -0.024361, 0.979725, 0.198862, 0.542134, -0.154184, 0.826025),
        ["Right Shoulder"] = CFrame.new(-0.484057, -0.499835, -0.101519, 0.574186, -0.190362, 0.796287, -0.037485, 0.965462, 0.257835, -0.817866, -0.177894, 0.547219),
        ["Neck"] = CFrame.new(-0.000009, 0.059981, 0.000000, 0.999039, -0.033401, 0.028367, 0.037789, 0.984414, -0.171761, -0.022188, 0.172667, 0.984730),
        ["Right Hip"] = CFrame.new(0.416514, -0.158360, -0.086353, 0.868995, 0.429991, -0.244859, -0.406484, 0.902511, 0.142283, 0.282169, -0.024112, 0.959062),
        ["Left Hip"] = CFrame.new(-0.107868, -0.037721, -0.068185, 0.972558, -0.087692, 0.215502, 0.055785, 0.987123, 0.149920, -0.225873, -0.133784, 0.964926),
        ["RootJoint"] = CFrame.new(-0.082823, -0.081820, 0.055995, 0.998559, 0.046221, -0.027271, -0.046625, 0.998809, -0.014389, 0.026573, 0.015640, 0.999525),
    }},
    {time = 0.4, poses = {
        ["Left Shoulder"] = CFrame.new(0.596576, -0.466808, 0.232956, 0.335321, 0.350021, -0.874668, -0.207847, 0.933029, 0.293694, 0.918890, 0.083315, 0.385615),
        ["Right Shoulder"] = CFrame.new(-0.419660, -0.440381, 0.453926, -0.066927, -0.328312, 0.942195, 0.010441, 0.944030, 0.329693, -0.997703, 0.031903, -0.059753),
        ["Neck"] = CFrame.new(-0.000011, 0.059981, 0.000000, 0.997853, -0.036833, 0.054152, 0.043249, 0.991522, -0.122528, -0.049180, 0.124607, 0.990987),
        ["Right Hip"] = CFrame.new(0.555850, -0.100699, -0.166692, 0.938924, 0.327115, -0.106849, -0.318776, 0.943735, 0.088011, 0.129627, -0.048574, 0.990372),
        ["Left Hip"] = CFrame.new(-0.301169, 0.061979, -0.011709, 0.971729, -0.029592, 0.234239, -0.008919, 0.986805, 0.161666, -0.235932, -0.159185, 0.958643),
        ["RootJoint"] = CFrame.new(-0.113495, -0.119429, 0.027580, 0.999985, -0.003531, -0.004295, 0.003019, 0.993503, -0.113767, 0.004668, 0.113752, 0.993498),
    }},
    {time = 0.4666666666666667, poses = {
        ["Left Shoulder"] = CFrame.new(0.210577, -0.308531, 0.873156, -0.406786, 0.333524, -0.850463, -0.271224, 0.844897, 0.461071, 0.872332, 0.418223, -0.253233),
        ["Right Shoulder"] = CFrame.new(0.012484, -0.148527, 0.908182, -0.598024, -0.305770, 0.740859, 0.006595, 0.922457, 0.386044, -0.801451, 0.235750, -0.549635),
        ["Neck"] = CFrame.new(-0.000002, 0.059979, 0.000000, 0.999840, -0.004183, 0.017396, 0.005819, 0.995455, -0.095058, -0.016920, 0.095144, 0.995320),
        ["Right Hip"] = CFrame.new(0.514345, -0.066858, -0.103333, 0.962480, 0.214888, -0.165696, -0.219620, 0.975528, -0.010560, 0.159372, 0.046554, 0.986120),
        ["Left Hip"] = CFrame.new(-0.487563, 0.404410, 0.168235, 0.949038, 0.136899, 0.283875, -0.163893, 0.983735, 0.073513, -0.269194, -0.116291, 0.956039),
        ["RootJoint"] = CFrame.new(-0.099037, -0.161050, -0.013121, 0.985739, -0.160149, 0.051687, 0.167599, 0.961948, -0.215791, -0.015162, 0.221376, 0.975071),
    }},
    {time = 0.5333333333333333, poses = {
        ["Left Shoulder"] = CFrame.new(-0.308049, -0.049201, 0.999723, -0.823211, 0.256132, -0.506675, -0.113193, 0.800485, 0.588567, 0.556337, 0.541867, -0.629976),
        ["Right Shoulder"] = CFrame.new(0.210690, 0.020026, 0.993044, -0.717801, -0.492177, 0.492466, -0.116200, 0.782079, 0.612250, -0.686483, 0.382250, -0.618568),
        ["Neck"] = CFrame.new(0.000013, 0.059974, 0.000000, 0.997699, 0.046189, -0.049626, -0.051811, 0.991575, -0.118725, 0.043724, 0.121023, 0.991686),
        ["Right Hip"] = CFrame.new(0.426852, -0.065364, -0.044375, 0.953679, 0.107584, -0.280932, -0.131923, 0.988845, -0.069157, 0.270358, 0.103015, 0.957233),
        ["Left Hip"] = CFrame.new(-0.294368, 0.701126, 0.259557, 0.862201, 0.351869, 0.364415, -0.343265, 0.934866, -0.090521, -0.372531, -0.047044, 0.926827),
        ["RootJoint"] = CFrame.new(-0.073964, -0.176762, -0.012536, 0.960482, -0.260555, 0.097901, 0.277818, 0.918958, -0.279880, -0.017042, 0.296019, 0.955030),
    }},
    {time = 0.6, poses = {
        ["Left Shoulder"] = CFrame.new(-0.437852, 0.051060, 0.959955, -0.877580, 0.378173, -0.294683, 0.081824, 0.723778, 0.685165, 0.472396, 0.577175, -0.666117),
        ["Right Shoulder"] = CFrame.new(0.387296, -0.257038, 0.834706, -0.731212, -0.660098, 0.172045, -0.087531, 0.340918, 0.936009, -0.676511, 0.669362, -0.307062),
        ["Neck"] = CFrame.new(0.000013, 0.059977, 0.000000, 0.996876, 0.047873, -0.062818, -0.057198, 0.986064, -0.156227, 0.054463, 0.159332, 0.985722),
        ["Right Hip"] = CFrame.new(0.200612, -0.123260, -0.119133, 0.974388, -0.145452, -0.171497, 0.131004, 0.987028, -0.092805, 0.182771, 0.067961, 0.980804),
        ["Left Hip"] = CFrame.new(-0.119402, 0.849835, 0.359257, 0.778457, 0.332402, 0.532460, -0.265441, 0.943021, -0.200631, -0.568811, 0.014846, 0.822334),
        ["RootJoint"] = CFrame.new(-0.081737, -0.188797, 0.088841, 0.972787, -0.207005, 0.104083, 0.229706, 0.920433, -0.316290, -0.030328, 0.331591, 0.942936),
    }},
    {time = 0.6666666666666666, poses = {
        ["Left Shoulder"] = CFrame.new(-0.301542, -0.359351, 0.864377, -0.764750, 0.560879, -0.317132, -0.097615, 0.385656, 0.917464, 0.636890, 0.732588, -0.240180),
        ["Right Shoulder"] = CFrame.new(0.496724, -0.644262, 0.326231, -0.829602, -0.532745, 0.167161, 0.293806, -0.161931, 0.942049, -0.474803, 0.830639, 0.290862),
        ["Neck"] = CFrame.new(0.000005, 0.059977, 0.000000, 0.999533, 0.020710, -0.022460, -0.024340, 0.984133, -0.175757, 0.018464, 0.176222, 0.984177),
        ["Right Hip"] = CFrame.new(0.115203, -0.130453, -0.142873, 0.952199, -0.293630, -0.084249, 0.292777, 0.955914, -0.022595, 0.087170, -0.003151, 0.996188),
        ["Left Hip"] = CFrame.new(-0.199821, 0.797181, 0.521883, 0.751390, 0.093186, 0.653245, 0.009108, 0.988419, -0.151475, -0.659796, 0.119766, 0.741839),
        ["RootJoint"] = CFrame.new(-0.100959, -0.212699, 0.183615, 0.993756, -0.099468, 0.050549, 0.110579, 0.938422, -0.327318, -0.014878, 0.330864, 0.943561),
    }},
    {time = 0.7333333333333333, poses = {
        ["Left Shoulder"] = CFrame.new(-0.094133, -0.873328, 0.261155, -0.600173, 0.713803, -0.360940, -0.645891, -0.166310, 0.745094, 0.471822, 0.680314, 0.560854),
        ["Right Shoulder"] = CFrame.new(0.277796, -0.847886, -0.089584, -0.779616, -0.435069, 0.450459, 0.618916, -0.425444, 0.660258, -0.095613, 0.793544, 0.600954),
        ["Neck"] = CFrame.new(-0.000002, 0.059977, 0.000000, 0.999367, -0.002343, 0.035496, 0.009843, 0.977085, -0.212622, -0.034184, 0.212837, 0.976489),
        ["Right Hip"] = CFrame.new(0.432079, -0.009944, -0.156237, 0.998741, -0.044753, -0.022677, 0.045162, 0.998820, 0.017879, 0.021850, -0.018881, 0.999583),
        ["Left Hip"] = CFrame.new(-0.576361, 0.487704, 0.469019, 0.842810, -0.189908, 0.503593, 0.222188, 0.974995, -0.004176, -0.490208, 0.115412, 0.863931),
        ["RootJoint"] = CFrame.new(-0.038946, -0.172249, 0.186540, 0.997096, -0.071529, -0.026135, 0.060906, 0.955041, -0.290151, 0.045714, 0.287716, 0.956624),
    }},
    {time = 0.8, poses = {
        ["Left Shoulder"] = CFrame.new(0.134279, -0.891921, -0.152561, -0.385866, 0.810689, -0.440331, -0.895978, -0.215570, 0.388269, 0.219843, 0.544346, 0.809541),
        ["Right Shoulder"] = CFrame.new(-0.055208, -0.904448, -0.263774, -0.577934, -0.540366, 0.611553, 0.811195, -0.462282, 0.358131, 0.089188, 0.703065, 0.705510),
        ["Neck"] = CFrame.new(-0.000007, 0.059976, 0.000000, 0.996865, -0.025458, 0.074915, 0.042858, 0.969631, -0.240788, -0.066510, 0.243244, 0.967682),
        ["Right Hip"] = CFrame.new(0.431647, -0.018238, -0.131239, 0.991446, 0.097963, -0.086241, -0.095830, 0.994988, 0.028543, 0.088605, -0.020035, 0.995865),
        ["Left Hip"] = CFrame.new(-0.750170, 0.148324, 0.075196, 0.939074, -0.298309, 0.170737, 0.274820, 0.949995, 0.148270, -0.206430, -0.092315, 0.974097),
        ["RootJoint"] = CFrame.new(0.054575, -0.153862, 0.074717, 0.992982, -0.092455, -0.073754, 0.074419, 0.973124, -0.217927, 0.091920, 0.210909, 0.973174),
    }},
    {time = 0.8666666666666667, poses = {
        ["Left Shoulder"] = CFrame.new(0.100778, -0.847609, 0.050062, -0.360495, 0.746939, -0.558682, -0.821589, 0.029311, 0.569326, 0.441628, 0.664246, 0.603110),
        ["Right Shoulder"] = CFrame.new(0.009628, -0.893941, -0.002526, -0.578122, -0.555453, 0.597701, 0.791752, -0.204812, 0.575483, -0.197238, 0.805931, 0.558187),
        ["Neck"] = CFrame.new(-0.000015, 0.059974, 0.000000, 0.993554, -0.054992, 0.099124, 0.077728, 0.967004, -0.242616, -0.082511, 0.248756, 0.965045),
        ["Right Hip"] = CFrame.new(0.870801, 0.180017, -0.177265, 0.944258, 0.324788, -0.053766, -0.318890, 0.942950, 0.095674, 0.081772, -0.073196, 0.993960),
        ["Left Hip"] = CFrame.new(-0.579341, -0.041226, -0.072216, 0.913290, -0.382269, 0.140611, 0.352390, 0.914693, 0.197883, -0.204260, -0.131175, 0.970088),
        ["RootJoint"] = CFrame.new(0.094691, -0.099120, -0.075051, 0.994126, 0.060999, -0.089396, -0.075694, 0.982271, -0.171507, 0.077349, 0.177266, 0.981119),
    }},
    {time = 0.9333333333333333, poses = {
        ["Left Shoulder"] = CFrame.new(-0.223625, -0.723797, 0.363138, -0.627859, 0.664090, -0.405927, -0.469255, 0.093111, 0.878140, 0.620961, 0.741832, 0.253167),
        ["Right Shoulder"] = CFrame.new(0.438916, -0.622406, 0.226432, -0.803577, -0.514994, 0.298404, 0.308797, 0.067875, 0.948703, -0.508831, 0.854502, 0.104486),
        ["Neck"] = CFrame.new(-0.000020, 0.059970, 0.000000, 0.993823, -0.081744, 0.075061, 0.095671, 0.973827, -0.206173, -0.056243, 0.212081, 0.975632),
        ["Right Hip"] = CFrame.new(0.950944, 0.721717, -0.277729, 0.984502, 0.173842, -0.023126, -0.171783, 0.982470, 0.072411, 0.035309, -0.067317, 0.997107),
        ["Left Hip"] = CFrame.new(-0.459518, -0.005925, 0.104398, 0.786226, -0.429359, 0.444409, 0.371353, 0.903123, 0.215559, -0.493908, -0.004446, 0.869503),
        ["RootJoint"] = CFrame.new(0.097115, -0.111740, -0.178266, 0.954345, 0.288162, -0.078665, -0.298706, 0.921252, -0.249139, 0.000678, 0.261262, 0.965268),
    }},
    {time = 1, poses = {
        ["Left Shoulder"] = CFrame.new(-0.444841, -0.613241, 0.400667, -0.780479, 0.586081, -0.217628, -0.270803, -0.003175, 0.962629, 0.563488, 0.810246, 0.161191),
        ["Right Shoulder"] = CFrame.new(0.624199, -0.414607, 0.336445, -0.844487, -0.534879, 0.027305, -0.001053, 0.052641, 0.998613, -0.535575, 0.843287, -0.045018),
        ["Neck"] = CFrame.new(-0.000016, 0.059977, 0.000000, 0.998094, -0.060076, 0.014085, 0.061618, 0.982490, -0.175830, -0.003275, 0.176363, 0.984320),
        ["Right Hip"] = CFrame.new(0.769591, 1.110522, -0.131082, 0.988620, 0.073959, -0.130996, -0.066287, 0.995873, 0.061997, 0.135041, -0.052608, 0.989442),
        ["Left Hip"] = CFrame.new(-0.462463, 0.080489, 0.137105, 0.755002, -0.370353, 0.541121, 0.277789, 0.928167, 0.247667, -0.593974, -0.036671, 0.803648),
        ["RootJoint"] = CFrame.new(0.103383, -0.131965, -0.159378, 0.965088, 0.258250, -0.043725, -0.258981, 0.915889, -0.306719, -0.039163, 0.307335, 0.950795),
    }},
    {time = 1.0666666666666667, poses = {
        ["Left Shoulder"] = CFrame.new(-0.465913, -0.683238, 0.361210, -0.828609, 0.532448, -0.172935, -0.320317, -0.197572, 0.926478, 0.459135, 0.823082, 0.334262),
        ["Right Shoulder"] = CFrame.new(0.703496, -0.364818, 0.422918, -0.921734, -0.386747, -0.028852, -0.049023, 0.042392, 0.997898, -0.384711, 0.921211, -0.058034),
        ["Neck"] = CFrame.new(-0.000007, 0.059977, 0.000000, 0.998958, -0.029428, -0.034881, 0.023019, 0.984884, -0.171677, 0.039406, 0.170696, 0.984536),
        ["Right Hip"] = CFrame.new(0.715153, 1.099831, 0.172863, 0.875914, 0.220400, -0.429183, -0.194073, 0.975372, 0.104805, 0.441712, -0.008507, 0.897117),
        ["Left Hip"] = CFrame.new(-0.449142, 0.135633, 0.031726, 0.846035, -0.268810, 0.460397, 0.124867, 0.939470, 0.319067, -0.518298, -0.212454, 0.828391),
        ["RootJoint"] = CFrame.new(0.049560, -0.173753, -0.061177, 0.987415, 0.157134, 0.017902, -0.143095, 0.935877, -0.321960, -0.067344, 0.315347, 0.946584),
    }},
    {time = 1.1333333333333333, poses = {
        ["Left Shoulder"] = CFrame.new(-0.394986, -0.828018, 0.194601, -0.823035, 0.542731, -0.167501, -0.451471, -0.446156, 0.772734, 0.344655, 0.711609, 0.612230),
        ["Right Shoulder"] = CFrame.new(0.669815, -0.571518, 0.238843, -0.967353, -0.220825, 0.124354, 0.164847, -0.175575, 0.970566, -0.192492, 0.959380, 0.206246),
        ["Neck"] = CFrame.new(-0.000004, 0.059985, 0.000000, 0.994250, -0.008315, -0.106756, -0.004012, 0.993387, -0.114741, 0.107004, 0.114509, 0.987642),
        ["Right Hip"] = CFrame.new(0.859010, 0.702222, 0.169719, 0.848435, 0.311922, -0.427625, -0.249530, 0.948207, 0.196566, 0.466790, -0.060069, 0.882326),
        ["Left Hip"] = CFrame.new(-0.340187, 0.240907, 0.070884, 0.809093, -0.200860, 0.552290, -0.004188, 0.937784, 0.347193, -0.587666, -0.283224, 0.757913),
        ["RootJoint"] = CFrame.new(-0.105556, -0.226239, 0.040367, 0.982321, 0.158040, 0.100341, -0.116955, 0.936624, -0.330236, -0.146172, 0.312663, 0.938550),
    }},
    {time = 1.2, poses = {
        ["Left Shoulder"] = CFrame.new(-0.201625, -0.923907, -0.042384, -0.739353, 0.595179, -0.314831, -0.648973, -0.505326, 0.568753, 0.179418, 0.624826, 0.759870),
        ["Right Shoulder"] = CFrame.new(0.282372, -0.858100, -0.193593, -0.806251, -0.339293, 0.484603, 0.588454, -0.543999, 0.598153, 0.060674, 0.767428, 0.638258),
        ["Neck"] = CFrame.new(0.000004, 0.059981, 0.000000, 0.993980, 0.014405, -0.108612, -0.014555, 0.999894, -0.000590, 0.108592, 0.002168, 0.994084),
        ["Right Hip"] = CFrame.new(0.736614, 0.262557, -0.125658, 0.973106, 0.140521, -0.182533, -0.095787, 0.967472, 0.234143, 0.209497, -0.210362, 0.954913),
        ["Left Hip"] = CFrame.new(-0.448791, 0.334297, 0.324201, 0.826771, -0.249746, 0.504061, 0.178064, 0.966157, 0.186637, -0.533614, -0.064551, 0.843261),
        ["RootJoint"] = CFrame.new(-0.336558, -0.274378, 0.045716, 0.981814, 0.109186, 0.155306, -0.055067, 0.946682, -0.317428, -0.181684, 0.303103, 0.935478),
    }},
    {time = 1.2666666666666666, poses = {
        ["Left Shoulder"] = CFrame.new(0.053918, -0.887170, 0.121160, -0.481779, 0.702960, -0.523198, -0.785998, -0.082689, 0.612674, 0.387423, 0.706406, 0.592363),
        ["Right Shoulder"] = CFrame.new(-0.105290, -0.793081, -0.429691, -0.447046, -0.670291, 0.592334, 0.889134, -0.405470, 0.212213, 0.097929, 0.621534, 0.777243),
        ["Neck"] = CFrame.new(0.000004, 0.059979, 0.000000, 0.999587, 0.015275, -0.024357, -0.016648, 0.998225, -0.057183, 0.023441, 0.057565, 0.998066),
        ["Right Hip"] = CFrame.new(0.567053, 0.009748, -0.217121, 0.989718, 0.142834, 0.007501, -0.141293, 0.968196, 0.206477, 0.022230, -0.205414, 0.978423),
        ["Left Hip"] = CFrame.new(-0.399362, 0.076634, 0.281748, 0.800528, -0.273564, 0.533214, 0.305074, 0.951846, 0.030327, -0.515834, 0.138392, 0.845437),
        ["RootJoint"] = CFrame.new(-0.490336, -0.263179, -0.042623, 0.987873, 0.002276, 0.155244, 0.033223, 0.973635, -0.225680, -0.151665, 0.228101, 0.961752),
    }},
    {time = 1.3333333333333333, poses = {
        ["Left Shoulder"] = CFrame.new(-0.034293, -0.706306, 0.414646, -0.512969, 0.583359, -0.629726, -0.506404, 0.386691, 0.770731, 0.693122, 0.714257, 0.097055),
        ["Right Shoulder"] = CFrame.new(-0.057221, -0.757899, -0.201025, -0.352345, -0.677471, 0.645668, 0.871721, 0.013453, 0.489819, -0.340524, 0.735427, 0.585825),
        ["Neck"] = CFrame.new(0.000004, 0.059976, 0.000000, 0.999903, 0.011475, 0.007851, -0.009649, 0.979263, -0.202363, -0.010010, 0.202268, 0.979279),
        ["Right Hip"] = CFrame.new(0.618306, -0.046144, -0.126994, 0.940031, 0.322194, -0.111948, -0.304142, 0.940344, 0.152479, 0.154397, -0.109287, 0.981946),
        ["Left Hip"] = CFrame.new(-0.776287, 0.239645, 0.263203, 0.792218, -0.433766, 0.429229, 0.424189, 0.897091, 0.123658, -0.438696, 0.084110, 0.894691),
        ["RootJoint"] = CFrame.new(-0.544326, -0.218884, -0.121686, 0.983505, -0.100044, 0.150695, 0.127994, 0.973602, -0.188989, -0.127809, 0.205159, 0.970348),
    }},
    {time = 1.4, poses = {
        ["Left Shoulder"] = CFrame.new(-0.319618, -0.470251, 0.635758, -0.744383, 0.516888, -0.422754, -0.139486, 0.498770, 0.855437, 0.653022, 0.695740, -0.299177),
        ["Right Shoulder"] = CFrame.new(0.209299, -0.644481, -0.056709, -0.570360, -0.664712, 0.482543, 0.470427, 0.217234, 0.855282, -0.673341, 0.714820, 0.188797),
        ["Neck"] = CFrame.new(0.000005, 0.059976, 0.000000, 0.999729, 0.022185, -0.006986, -0.023147, 0.978476, -0.205057, 0.002286, 0.205163, 0.978725),
        ["Right Hip"] = CFrame.new(0.647038, 0.001140, -0.055538, 0.920614, 0.288636, -0.262982, -0.263688, 0.956280, 0.126479, 0.287990, -0.047094, 0.956475),
        ["Left Hip"] = CFrame.new(-0.788417, 0.709785, 0.373139, 0.807930, -0.332704, 0.486371, 0.328630, 0.939489, 0.096761, -0.489133, 0.081660, 0.868378),
        ["RootJoint"] = CFrame.new(-0.580849, -0.250893, -0.127202, 0.981018, -0.118351, 0.153611, 0.155519, 0.953362, -0.258678, -0.115833, 0.277657, 0.953672),
    }},
    {time = 1.4666666666666666, poses = {
        ["Left Shoulder"] = CFrame.new(-0.550336, -0.147810, 0.756024, -0.846732, 0.520389, -0.110636, 0.176146, 0.470442, 0.864671, 0.502013, 0.712657, -0.490003),
        ["Right Shoulder"] = CFrame.new(0.492037, -0.517115, 0.152956, -0.761956, -0.623930, 0.173592, 0.137948, 0.105530, 0.984801, -0.632766, 0.774322, 0.005660),
        ["Neck"] = CFrame.new(0.000004, 0.059977, 0.000000, 0.999427, 0.015572, 0.030055, -0.009513, 0.981326, -0.192115, -0.032485, 0.191719, 0.980912),
        ["Right Hip"] = CFrame.new(0.529398, 0.043589, -0.077667, 0.958755, 0.080136, -0.272703, -0.053315, 0.993106, 0.104391, 0.279189, -0.085546, 0.956418),
        ["Left Hip"] = CFrame.new(-0.249531, 1.059472, 0.491875, 0.716872, -0.036228, 0.696263, 0.159889, 0.980577, -0.113601, -0.678623, 0.192762, 0.708741),
        ["RootJoint"] = CFrame.new(-0.591129, -0.316834, -0.066192, 0.987932, -0.072197, 0.137036, 0.116651, 0.928853, -0.351603, -0.101901, 0.363345, 0.926065),
    }},
    {time = 1.5333333333333332, poses = {
        ["Left Shoulder"] = CFrame.new(-0.641267, -0.004235, 0.748931, -0.838476, 0.535563, 0.100647, 0.331022, 0.353855, 0.874764, 0.432876, 0.766785, -0.473982),
        ["Right Shoulder"] = CFrame.new(0.617573, -0.467362, 0.384807, -0.867560, -0.495090, 0.047179, 0.070989, -0.029384, 0.997044, -0.492240, 0.868345, 0.060638),
        ["Neck"] = CFrame.new(0.000004, 0.059977, 0.000000, 0.999823, 0.013542, 0.013097, -0.011235, 0.986656, -0.162429, -0.015122, 0.162253, 0.986633),
        ["Right Hip"] = CFrame.new(0.251120, -0.001965, -0.084938, 0.932046, -0.190816, -0.308026, 0.227499, 0.969831, 0.087590, 0.282020, -0.151714, 0.947337),
        ["Left Hip"] = CFrame.new(0.186079, 1.022172, 0.527948, 0.635286, 0.246255, 0.731963, 0.001967, 0.947280, -0.320402, -0.772274, 0.204987, 0.601309),
        ["RootJoint"] = CFrame.new(-0.544243, -0.384697, 0.033848, 0.992115, -0.052012, 0.114032, 0.095065, 0.905199, -0.414219, -0.081677, 0.421794, 0.903006),
    }},
    {time = 1.6, poses = {
        ["Left Shoulder"] = CFrame.new(-0.599813, -0.341893, 0.629871, -0.852137, 0.523317, 0.001174, 0.059820, 0.095179, 0.993661, 0.519888, 0.846806, -0.112411),
        ["Right Shoulder"] = CFrame.new(0.542267, -0.675856, 0.215121, -0.888619, -0.425484, 0.171229, 0.312678, -0.288875, 0.904867, -0.335542, 0.857621, 0.389740),
        ["Neck"] = CFrame.new(0.000004, 0.059981, 0.000000, 0.998958, 0.012464, -0.043896, -0.015650, 0.997209, -0.073000, 0.042863, 0.073611, 0.996365),
        ["Right Hip"] = CFrame.new(0.319313, 0.092130, -0.070828, 0.926069, -0.142650, -0.349352, 0.201636, 0.969607, 0.138584, 0.318965, -0.198781, 0.926686),
        ["Left Hip"] = CFrame.new(-0.108358, 0.775271, 0.521919, 0.656542, 0.122596, 0.744260, 0.020302, 0.983474, -0.179910, -0.754016, 0.133229, 0.643203),
        ["RootJoint"] = CFrame.new(-0.426151, -0.418462, 0.122689, 0.997379, -0.052949, 0.049320, 0.068728, 0.906435, -0.416715, -0.022641, 0.419012, 0.907698),
    }},
    {time = 1.6666666666666667, poses = {
        ["Left Shoulder"] = CFrame.new(-0.193947, -0.848091, 0.004614, -0.628833, 0.692225, -0.354110, -0.695180, -0.296544, 0.654818, 0.348272, 0.657941, 0.667698),
        ["Right Shoulder"] = CFrame.new(0.295369, -0.763244, -0.247593, -0.747216, -0.512252, 0.423398, 0.656061, -0.466875, 0.592969, -0.106076, 0.720851, 0.684925),
        ["Neck"] = CFrame.new(-0.000004, 0.059983, 0.000000, 0.999931, -0.009856, -0.006416, 0.009290, 0.996506, -0.083001, 0.007211, 0.082936, 0.996529),
        ["Right Hip"] = CFrame.new(0.610642, 0.258194, 0.068312, 0.987230, 0.065007, -0.145437, -0.039594, 0.984432, 0.171248, 0.154305, -0.163303, 0.974434),
        ["Left Hip"] = CFrame.new(-0.355015, 0.271967, 0.169497, 0.822464, 0.013993, 0.568645, -0.047123, 0.997937, 0.043599, -0.566862, -0.062654, 0.821427),
        ["RootJoint"] = CFrame.new(-0.262928, -0.394225, 0.110152, 0.997774, -0.049562, -0.044616, 0.031324, 0.938976, -0.342553, 0.058871, 0.340393, 0.938439),
    }},
    {time = 1.7333333333333334, poses = {
        ["Left Shoulder"] = CFrame.new(0.101914, -0.805948, -0.385277, -0.297850, 0.897965, -0.323952, -0.949270, -0.242753, 0.199895, 0.100858, 0.367057, 0.924715),
        ["Right Shoulder"] = CFrame.new(0.089365, -0.715065, -0.370785, -0.547941, -0.596904, 0.586060, 0.830753, -0.306193, 0.464860, -0.098030, 0.741587, 0.663655),
        ["Neck"] = CFrame.new(-0.000011, 0.059976, 0.000000, 0.998477, -0.038511, 0.039498, 0.045322, 0.980866, -0.189333, -0.031451, 0.190835, 0.981118),
        ["Right Hip"] = CFrame.new(0.709493, 0.177658, 0.093310, 0.957282, 0.226728, -0.179456, -0.216474, 0.973399, 0.075062, 0.191701, -0.033008, 0.980898),
        ["Left Hip"] = CFrame.new(-0.133810, -0.049605, -0.049780, 0.897529, -0.033321, 0.439694, -0.013170, 0.994670, 0.102262, -0.440758, -0.097574, 0.892307),
        ["RootJoint"] = CFrame.new(-0.152609, -0.333549, 0.016799, 0.994863, 0.032088, -0.096013, -0.053692, 0.971297, -0.231730, 0.085821, 0.235695, 0.968030),
    }},
    {time = 1.8, poses = {
        ["Left Shoulder"] = CFrame.new(0.116823, -0.853737, -0.068449, -0.307356, 0.824928, -0.474369, -0.875093, -0.049194, 0.481448, 0.373824, 0.563093, 0.737009),
        ["Right Shoulder"] = CFrame.new(0.137433, -0.753066, -0.138972, -0.577471, -0.593404, 0.560713, 0.738961, -0.087936, 0.667984, -0.347078, 0.800087, 0.489283),
        ["Neck"] = CFrame.new(-0.000009, 0.059968, 0.000000, 0.996142, -0.033549, 0.081085, 0.054585, 0.960402, -0.273219, -0.068708, 0.276591, 0.958528),
        ["Right Hip"] = CFrame.new(0.657925, 0.095511, 0.000629, 0.916268, 0.280873, -0.285593, -0.258151, 0.959219, 0.115141, 0.306286, -0.031774, 0.951409),
        ["Left Hip"] = CFrame.new(-0.345410, 0.046835, 0.104783, 0.855479, -0.151502, 0.495179, 0.127952, 0.988437, 0.081364, -0.501780, -0.006246, 0.864973),
        ["RootJoint"] = CFrame.new(-0.116922, -0.289087, -0.046217, 0.994850, -0.006813, -0.101133, -0.014017, 0.978907, -0.203825, 0.100389, 0.204193, 0.973770),
    }},
    {time = 1.8666666666666667, poses = {
        ["Left Shoulder"] = CFrame.new(-0.193154, -0.772895, 0.280539, -0.646631, 0.600160, -0.470826, -0.557891, 0.048851, 0.828475, 0.520218, 0.798387, 0.303235),
        ["Right Shoulder"] = CFrame.new(0.378143, -0.683032, 0.179864, -0.734401, -0.597908, 0.321189, 0.427598, -0.040089, 0.903080, -0.527082, 0.800562, 0.285105),
        ["Neck"] = CFrame.new(-0.000000, 0.059972, 0.000000, 0.999338, 0.000129, 0.036390, 0.008188, 0.973550, -0.228325, -0.035457, 0.228472, 0.972905),
        ["Right Hip"] = CFrame.new(0.540954, 0.076527, 0.129588, 0.884708, 0.232624, -0.403952, -0.225730, 0.971995, 0.065365, 0.407844, 0.033355, 0.912442),
        ["Left Hip"] = CFrame.new(-0.555047, 0.522934, 0.350318, 0.861500, -0.070925, 0.502779, 0.105687, 0.993556, -0.040935, -0.496636, 0.088403, 0.863445),
        ["RootJoint"] = CFrame.new(-0.059756, -0.321514, -0.052485, 0.984331, -0.163957, -0.064892, 0.141357, 0.953708, -0.265442, 0.105409, 0.252110, 0.961940),
    }},
    {time = 1.9333333333333333, poses = {
        ["Left Shoulder"] = CFrame.new(-0.521173, -0.564419, 0.479340, -0.864438, 0.474165, -0.167075, -0.190661, -0.001698, 0.981654, 0.465182, 0.880434, 0.091872),
        ["Right Shoulder"] = CFrame.new(0.580706, -0.551236, 0.264397, -0.842308, -0.532664, 0.082378, 0.198351, -0.164217, 0.966276, -0.501172, 0.830242, 0.243976),
        ["Neck"] = CFrame.new(0.000004, 0.059979, 0.000000, 0.999580, 0.016122, -0.024083, -0.019996, 0.985170, -0.170411, 0.020978, 0.170821, 0.985079),
        ["Right Hip"] = CFrame.new(0.437346, 0.043825, 0.162172, 0.886470, 0.092737, -0.453400, -0.122937, 0.991705, -0.037521, 0.446159, 0.089000, 0.890517),
        ["Left Hip"] = CFrame.new(-0.327988, 0.960717, 0.379204, 0.831701, 0.058700, 0.552113, -0.015427, 0.996455, -0.082704, -0.555010, 0.060268, 0.829658),
        ["RootJoint"] = CFrame.new(-0.024989, -0.344163, -0.028082, 0.990064, -0.137549, -0.029228, 0.121148, 0.939866, -0.319334, 0.071395, 0.312620, 0.947191),
    }},
    {time = 2, poses = {
        ["Left Shoulder"] = CFrame.new(-0.613964, -0.423804, 0.552264, -0.867206, 0.497875, 0.008564, -0.009626, -0.033957, 0.999377, 0.497856, 0.866584, 0.034240),
        ["Right Shoulder"] = CFrame.new(0.606810, -0.626872, 0.159400, -0.905830, -0.412528, 0.096400, 0.261084, -0.364405, 0.893893, -0.333627, 0.834883, 0.437793),
        ["Neck"] = CFrame.new(-0.000002, 0.059979, 0.000000, 0.999953, -0.006415, 0.007285, 0.007521, 0.986483, -0.163690, -0.006136, 0.163737, 0.986485),
        ["Right Hip"] = CFrame.new(0.267942, -0.007153, 0.014700, 0.905109, -0.078846, -0.417806, 0.079880, 0.996691, -0.015042, 0.417610, -0.019760, 0.908412),
        ["Left Hip"] = CFrame.new(-0.364095, 0.972988, 0.473471, 0.807980, -0.041193, 0.587768, 0.087561, 0.994871, -0.050641, -0.582668, 0.092383, 0.807443),
        ["RootJoint"] = CFrame.new(-0.018888, -0.331460, 0.077140, 0.996823, -0.061070, -0.051138, 0.041004, 0.943835, -0.327864, 0.068288, 0.324725, 0.943340),
    }},
    {time = 2.0666666666666664, poses = {
        ["Left Shoulder"] = CFrame.new(-0.467325, -0.657415, 0.347679, -0.796736, 0.583583, -0.156982, -0.311342, -0.173741, 0.934281, 0.517956, 0.793250, 0.320119),
        ["Right Shoulder"] = CFrame.new(0.449021, -0.776643, -0.074465, -0.867393, -0.404877, 0.289314, 0.477601, -0.514079, 0.712474, -0.139734, 0.756172, 0.639279),
        ["Neck"] = CFrame.new(-0.000009, 0.059979, 0.000000, 0.995625, -0.030379, 0.088359, 0.046038, 0.982406, -0.180992, -0.081306, 0.184268, 0.979507),
        ["Right Hip"] = CFrame.new(0.229030, 0.037497, -0.026374, 0.903612, -0.015938, -0.428054, 0.074131, 0.990048, 0.119625, 0.421887, -0.139827, 0.895801),
        ["Left Hip"] = CFrame.new(-0.654817, 0.484619, 0.476065, 0.841496, -0.245574, 0.481226, 0.289103, 0.957145, -0.017100, -0.456403, 0.153513, 0.876430),
        ["RootJoint"] = CFrame.new(0.025658, -0.309730, 0.180272, 0.991203, -0.051406, -0.121957, 0.015275, 0.959762, -0.280400, 0.131464, 0.276070, 0.952104),
    }},
    {time = 2.1333333333333333, poses = {
        ["Left Shoulder"] = CFrame.new(-0.146157, -0.798236, -0.033707, -0.491006, 0.777625, -0.392699, -0.743942, -0.139737, 0.653471, 0.453280, 0.613003, 0.647120),
        ["Right Shoulder"] = CFrame.new(0.153469, -0.776753, -0.335384, -0.619684, -0.622865, 0.477527, 0.782297, -0.441136, 0.439784, -0.063272, 0.646095, 0.760630),
        ["Neck"] = CFrame.new(-0.000013, 0.059966, 0.000000, 0.993472, -0.045974, 0.104402, 0.072054, 0.962417, -0.261845, -0.088440, 0.267658, 0.959447),
        ["Right Hip"] = CFrame.new(0.052747, -0.028142, -0.031326, 0.906690, 0.029623, -0.420756, 0.018179, 0.993859, 0.109147, 0.421406, -0.106611, 0.900584),
        ["Left Hip"] = CFrame.new(-0.595151, 0.031971, 0.144572, 0.916842, -0.268769, 0.295235, 0.268873, 0.962300, 0.041060, -0.295140, 0.041736, 0.954542),
        ["RootJoint"] = CFrame.new(0.132718, -0.254988, 0.176929, 0.985730, -0.025929, -0.166325, -0.004341, 0.983822, -0.179097, 0.168278, 0.177264, 0.969670),
    }},
    {time = 2.2, poses = {
        ["Left Shoulder"] = CFrame.new(-0.002582, -0.732852, 0.145744, -0.296583, 0.762945, -0.574416, -0.597341, 0.321096, 0.734902, 0.745132, 0.561082, 0.360507),
        ["Right Shoulder"] = CFrame.new(0.043456, -0.664104, -0.308841, -0.320505, -0.757916, 0.568190, 0.854646, 0.027291, 0.518494, -0.408481, 0.651781, 0.639003),
        ["Neck"] = CFrame.new(-0.000016, 0.059968, 0.000000, 0.994417, -0.060989, 0.086116, 0.084025, 0.951322, -0.296524, -0.063839, 0.302105, 0.951135),
        ["Right Hip"] = CFrame.new(0.384127, 0.063831, 0.056560, 0.873811, 0.247512, -0.418560, -0.199308, 0.967440, 0.156001, 0.443544, -0.052893, 0.894690),
        ["Left Hip"] = CFrame.new(-0.277786, -0.122241, -0.066747, 0.951266, -0.202963, 0.232160, 0.191001, 0.978861, 0.073135, -0.242097, -0.025228, 0.969924),
        ["RootJoint"] = CFrame.new(0.206682, -0.193728, 0.064437, 0.980944, 0.096730, -0.168498, -0.116777, 0.986659, -0.113430, 0.155278, 0.130945, 0.979154),
    }},
    {time = 2.2666666666666666, poses = {
        ["Left Shoulder"] = CFrame.new(-0.055399, -0.601534, 0.465328, -0.429643, 0.672496, -0.602624, -0.249712, 0.552851, 0.794984, 0.867785, 0.492041, -0.069598),
        ["Right Shoulder"] = CFrame.new(0.112759, -0.596193, -0.215486, -0.469072, -0.700876, 0.537350, 0.462067, 0.323756, 0.825637, -0.752639, 0.635574, 0.171986),
        ["Neck"] = CFrame.new(-0.000022, 0.059974, 0.000000, 0.995825, -0.076889, 0.049203, 0.084971, 0.977741, -0.191838, -0.033358, 0.195218, 0.980192),
        ["Right Hip"] = CFrame.new(0.731504, 0.462894, 0.128802, 0.900544, 0.201626, -0.385186, -0.187580, 0.979447, 0.074140, 0.392218, 0.005487, 0.919856),
        ["Left Hip"] = CFrame.new(-0.336996, -0.094897, 0.007257, 0.891090, -0.272658, 0.362789, 0.265194, 0.961556, 0.071292, -0.368280, 0.032682, 0.929140),
        ["RootJoint"] = CFrame.new(0.232841, -0.189047, -0.074131, 0.949962, 0.271255, -0.154896, -0.297796, 0.936139, -0.186978, 0.094286, 0.223749, 0.970075),
    }},
    {time = 2.3333333333333335, poses = {
        ["Left Shoulder"] = CFrame.new(-0.142783, -0.625911, 0.428349, -0.445762, 0.758406, -0.475517, -0.296364, 0.376219, 0.877854, 0.844668, 0.532240, 0.057060),
        ["Right Shoulder"] = CFrame.new(0.325792, -0.603039, -0.032327, -0.725504, -0.583201, 0.365405, 0.331784, 0.168783, 0.928133, -0.602962, 0.794600, 0.071045),
        ["Neck"] = CFrame.new(-0.000018, 0.059977, 0.000000, 0.997562, -0.069768, -0.001638, 0.069031, 0.989929, -0.123594, 0.010244, 0.123180, 0.992331),
        ["Right Hip"] = CFrame.new(0.632692, 0.922880, 0.204307, 0.922477, 0.047102, -0.383167, -0.075025, 0.995479, -0.058251, 0.378691, 0.082483, 0.921840),
        ["Left Hip"] = CFrame.new(-0.447950, 0.016266, 0.152775, 0.802136, -0.288048, 0.523073, 0.279784, 0.955156, 0.096939, -0.527540, 0.068589, 0.846757),
        ["RootJoint"] = CFrame.new(0.265017, -0.223146, -0.150436, 0.939529, 0.317773, -0.127696, -0.341619, 0.895884, -0.284058, 0.024135, 0.310504, 0.950266),
    }},
    {time = 2.4, poses = {
        ["Left Shoulder"] = CFrame.new(-0.251239, -0.662752, 0.123192, -0.446998, 0.817574, -0.362996, -0.461844, 0.136598, 0.876380, 0.766090, 0.559387, 0.316533),
        ["Right Shoulder"] = CFrame.new(0.389200, -0.567893, -0.050192, -0.673928, -0.685342, 0.275910, 0.342392, 0.041200, 0.938653, -0.654666, 0.727055, 0.206890),
        ["Neck"] = CFrame.new(-0.000016, 0.059976, 0.000000, 0.998516, -0.054177, -0.005551, 0.053156, 0.991693, -0.117129, 0.011850, 0.116660, 0.993101),
        ["Right Hip"] = CFrame.new(0.372178, 1.174392, 0.288538, 0.870385, -0.005166, -0.492344, -0.042354, 0.995453, -0.085321, 0.490546, 0.095115, 0.866209),
        ["Left Hip"] = CFrame.new(-0.449527, 0.068605, 0.080945, 0.825750, -0.229702, 0.515144, 0.177725, 0.972755, 0.148865, -0.535304, -0.031371, 0.844077),
        ["RootJoint"] = CFrame.new(0.271536, -0.236017, -0.114665, 0.961780, 0.258410, -0.090568, -0.273822, 0.908214, -0.316494, 0.000470, 0.329197, 0.944261),
    }},
    {time = 2.466666666666667, poses = {
        ["Left Shoulder"] = CFrame.new(-0.254269, -0.656451, -0.138824, -0.405289, 0.850780, -0.334535, -0.691617, -0.046044, 0.720795, 0.597835, 0.523501, 0.607075),
        ["Right Shoulder"] = CFrame.new(0.341644, -0.525462, -0.215962, -0.523737, -0.801756, 0.287901, 0.475052, 0.005654, 0.879940, -0.707125, 0.597625, 0.377914),
        ["Neck"] = CFrame.new(-0.000015, 0.059981, 0.000000, 0.998428, -0.047770, -0.029319, 0.044985, 0.994992, -0.089260, 0.033437, 0.087801, 0.995577),
        ["Right Hip"] = CFrame.new(0.465292, 1.082812, 0.327489, 0.804862, 0.114519, -0.582307, -0.120334, 0.992315, 0.028828, 0.581134, 0.046869, 0.812457),
        ["Left Hip"] = CFrame.new(-0.196666, 0.003541, -0.057843, 0.887890, -0.065038, 0.455436, -0.032346, 0.978682, 0.202819, -0.458918, -0.194813, 0.866858),
        ["RootJoint"] = CFrame.new(0.196653, -0.255824, 0.023735, 0.972336, 0.228910, -0.046510, -0.231748, 0.920427, -0.314811, -0.029254, 0.316881, 0.948014),
    }},
    {time = 2.533333333333333, poses = {
        ["Left Shoulder"] = CFrame.new(-0.264873, -0.627667, -0.264288, -0.422629, 0.847812, -0.320311, -0.778261, -0.158388, 0.607637, 0.464429, 0.506091, 0.726758),
        ["Right Shoulder"] = CFrame.new(0.368552, -0.565294, -0.186198, -0.575951, -0.768597, 0.278458, 0.559041, -0.121785, 0.820147, -0.596451, 0.628034, 0.499819),
        ["Neck"] = CFrame.new(-0.000005, 0.059981, 0.000000, 0.996544, -0.022394, -0.079990, 0.018128, 0.998394, -0.053669, 0.081063, 0.052033, 0.995350),
        ["Right Hip"] = CFrame.new(0.649946, 0.645035, 0.161387, 0.841878, 0.178399, -0.509328, -0.088344, 0.976607, 0.196045, 0.532387, -0.120050, 0.837945),
